footprint:"Intersects(POLYGON((7.2374317000000001 50.7342656000000005, 3.3850240999999999 50.7342656000000005, 3.3850240999999999 53.4855396000000027, 7.2374317000000001 53.4855396000000027, 7.2374317000000001 50.7342656000000005)))"


footprint:"Intersects(MULTIPOLYGON (((7.2374317000000001 53.4855396000000027, 7.2374317000000001 51.8134772943518342, 6.2301860398024003 51.7716100813083600, 6.2436433582806607 50.7342656000000005, 5.5692821767589598 50.7342656000000005, 5.5704036199654787 51.1127621974768829, 3.3850240999999999 51.1391161128301519, 3.3850240999999999 51.7441347227485977, 4.3872810370851072 52.3766286912268342, 4.8044579099111706 53.4855396000000027, 7.2374317000000001 53.4855396000000027)), ((8.1033117000000008 54.5929266999999996, 8.1033117000000008 56.9700600651396343, 9.6849787446935096 57.5727969000000002, 11.3985439642586321 57.5727969000000002, 11.3178000533890710 57.2122917977483141, 10.9051089533890941 56.6470844216613898, 11.2549992338238578 56.3510234151396645, 12.6372213363646999 56.2561073303223012, 12.6814749925194299 54.5929266999999996, 12.6814749925194299 54.5929266999999996, 8.1033117000000008 54.5929266999999996)), ((14.6540499750765516 54.9727815065246190, 14.6540499750765516 55.3212713285623821, 15.1624632085973996 55.3212713285623821, 15.1624632085973996 54.9727815065246190, 14.6540499750765516 54.9727815065246190))))"


NL
footprint:"Intersects(POLYGON((7.2374317000000001 53.4855396000000027, 7.2374317000000001 51.8134772943518342, 6.2301860398024003 51.7716100813083600, 6.2436433582806607 50.7342656000000005, 5.5692821767589598 50.7342656000000005, 5.5704036199654787 51.1127621974768829, 3.3850240999999999 51.1391161128301519, 3.3850240999999999 51.7441347227485977, 4.3872810370851072 52.3766286912268342, 4.8044579099111706 53.4855396000000027, 7.2374317000000001 53.4855396000000027)))"

DK
footprint:"Intersects(POLYGON ((8.1033117000000008 54.5929266999999996, 8.1033117000000008 56.9700600651396343, 9.6849787446935096 57.5727969000000002, 11.3985439642586321 57.5727969000000002, 11.3178000533890710 57.2122917977483141, 10.9051089533890941 56.6470844216613898, 11.2549992338238578 56.3510234151396645, 12.6372213363646999 56.2561073303223012, 12.6814749925194299 54.5929266999999996, 12.6814749925194299 54.5929266999999996, 8.1033117000000008 54.5929266999999996)))"

SMALL DK
footprint:"Intersects(POLYGON((14.6540499750765516 54.9727815065246190, 14.6540499750765516 55.3212713285623821, 15.1624632085973996 55.3212713285623821, 15.1624632085973996 54.9727815065246190, 14.6540499750765516 54.9727815065246190)))"